10768 17
10769 20
10770 2D
10771 69
10772 20
10773 2D
10774 4B
10775 10
10776 19
10777 0A
10778 03
10779 20
10780 26
10781 29
10782 00
10783 00
10784 33
10785 20
10786 07
10787 4B
10788 10
10789 19
10790 31
10791 3F
10792 2F
10793 EC
10794 03
10795 20
10796 10
10797 0F
10798 20
10799 16
10800 01
10801 00
10802 03
10803 0F
10804 20
10805 0D
10806 4B
10807 10
10808 19
10809 31
10810 3E
10811 20
10812 03
10813 45
10814 4F
10815 46
10816 B4
10817 10
10818 B4
10819 00
10820 B4
10821 40
10822 75
10823 10
10824 10
10825 00
10826 E3
10827 20
10828 19
10829 33
10830 2F
10831 FA
10832 DB
10833 20
10834 13
10835 A0
10836 04
10837 33
10838 20
10839 08
10840 57
10841 C0
10842 03
10843 B8
