29956 17
29957 20
29958 2D
29959 69
29960 20
29961 2D
29962 4B
29963 10
29964 85
29965 61
29966 03
29967 20
29968 26
29969 29
29970 00
29971 00
29972 33
29973 20
29974 07
29975 4B
29976 00
29977 00
29978 00
29979 3F
29980 2F
29981 EC
29982 03
29983 20
29984 10
29985 0F
29986 20
29987 16
29988 01
29989 00
29990 03
29991 0F
29992 20
29993 0D
29994 4B
29995 00
29996 00
29997 00
29998 3E
29999 20
30000 03
30001 45
30002 4F
30003 46
30004 B4
30005 10
30006 B4
30007 00
30008 B4
30009 40
30010 75
30011 10
30012 10
30013 00
30014 E3
30015 20
30016 19
30017 33
30018 2F
30019 FA
30020 DB
30021 20
30022 13
30023 A0
30024 04
30025 33
30026 20
30027 08
30028 57
30029 C0
30030 03
30031 B8
